     1,   17.6000004,         243.,
      2,           0.,         243.,
      3,           0.,         136.,
      4,   17.6000004,         221.,
      5,   17.6000004,        152.5,
      6,   17.6000004,         136.,
      7,   17.6000004,        247.5,
      8,           0.,        247.5,
      9,   72.4000015,        152.5,
     10,   85.5999985,         136.,
     11,   15.0857143,         243.,
     12,   12.5714283,         243.,
     13,   10.0571432,         243.,
     14,   7.54285717,         243.,
     15,   5.02857161,         243.,
     16,    2.5142858,         243.,
     17,           0.,   238.136368,
     18,           0.,    233.27272,
     19,           0.,   228.409088,
     20,           0.,   223.545456,
     21,           0.,   218.681824,
     22,           0.,   213.818176,
     23,           0.,   208.954544,
     24,           0.,   204.090912,
     25,           0.,    199.22728,
     26,           0.,   194.363632,
     27,           0.,        189.5,
     28,           0.,   184.636368,
     29,           0.,    179.77272,
     30,           0.,   174.909088,
     31,           0.,   170.045456,
     32,           0.,   165.181824,
     33,           0.,   160.318176,
     34,           0.,   155.454544,
     35,           0.,   150.590912,
     36,           0.,    145.72728,
     37,           0.,   140.863632,
     38,    2.5142858,         136.,
     39,   5.02857161,         136.,
     40,   7.54285717,         136.,
     41,   10.0571432,         136.,
     42,   12.5714283,         136.,
     43,   15.0857143,         136.,
     44,   17.6000004,        226.5,
     45,   17.6000004,         232.,
     46,   17.6000004,        237.5,
     47,   17.6000004,   157.392853,
     48,   17.6000004,   162.285721,
     49,   17.6000004,   167.178574,
     50,   17.6000004,   172.071426,
     51,   17.6000004,   176.964279,
     52,   17.6000004,   181.857147,
     53,   17.6000004,       186.75,
     54,   17.6000004,   191.642853,
     55,   17.6000004,   196.535721,
     56,   17.6000004,   201.428574,
     57,   17.6000004,   206.321426,
     58,   17.6000004,   211.214279,
     59,   17.6000004,   216.107147,
     60,   17.6000004,      140.125,
     61,   17.6000004,       144.25,
     62,   17.6000004,      148.375,
     63,   15.0857143,        247.5,
     64,   12.5714283,        247.5,
     65,   10.0571432,        247.5,
     66,   7.54285717,        247.5,
     67,   5.02857161,        247.5,
     68,    2.5142858,        247.5,
     69,   19.4266663,        152.5,
     70,    21.253334,        152.5,
     71,   23.0799999,        152.5,
     72,   24.9066658,        152.5,
     73,   26.7333336,        152.5,
     74,   28.5599995,        152.5,
     75,   30.3866673,        152.5,
     76,   32.2133331,        152.5,
     77,   34.0400009,        152.5,
     78,   35.8666649,        152.5,
     79,   37.6933327,        152.5,
     80,   39.5200005,        152.5,
     81,   41.3466682,        152.5,
     82,   43.1733322,        152.5,
     83,          45.,        152.5,
     84,   46.8266678,        152.5,
     85,   48.6533318,        152.5,
     86,   50.4799995,        152.5,
     87,   52.3066673,        152.5,
     88,   54.1333351,        152.5,
     89,   55.9599991,        152.5,
     90,   57.7866669,        152.5,
     91,   59.6133347,        152.5,
     92,   61.4399986,        152.5,
     93,   63.2666664,        152.5,
     94,   65.0933304,        152.5,
     95,   66.9199982,        152.5,
     96,    68.746666,        152.5,
     97,   70.5733337,        152.5,
     98,   69.3555527,   156.305557,
     99,   66.3111115,   160.111115,
    100,   63.2666664,   163.916672,
    101,   60.2222214,   167.722229,
    102,   57.1777763,   171.527771,
    103,   54.1333351,   175.333328,
    104,   51.0888901,   179.138885,
    105,    48.044445,   182.944443,
    106,          45.,       186.75,
    107,    41.955555,   190.555557,
    108,   38.9111099,   194.361115,
    109,   35.8666649,   198.166672,
    110,   32.8222237,   201.972229,
    111,   29.7777786,   205.777771,
    112,   26.7333336,   209.583328,
    113,   23.6888885,   213.388885,
    114,   20.6444435,   217.194443,
    115,   19.8666668,         136.,
    116,   22.1333332,         136.,
    117,   24.3999996,         136.,
    118,    26.666666,         136.,
    119,   28.9333324,         136.,
    120,   31.2000008,         136.,
    121,   33.4666672,         136.,
    122,   35.7333336,         136.,
    123,          38.,         136.,
    124,   40.2666664,         136.,
    125,   42.5333328,         136.,
    126,   44.7999992,         136.,
    127,   47.0666656,         136.,
    128,   49.3333321,         136.,
    129,   51.5999985,         136.,
    130,   53.8666649,         136.,
    131,   56.1333351,         136.,
    132,   58.4000015,         136.,
    133,   60.6666679,         136.,
    134,   62.9333344,         136.,
    135,   65.1999969,         136.,
    136,   67.4666672,         136.,
    137,   69.7333298,         136.,
    138,          72.,         136.,
    139,   74.2666702,         136.,
    140,   76.5333328,         136.,
    141,   78.8000031,         136.,
    142,   81.0666656,         136.,
    143,   83.3333359,         136.,
    144,   82.3000031,      140.125,
    145,          79.,       144.25,
    146,   75.6999969,      148.375,
    147,   15.0857143,   237.590912,
    148,   12.5714283,   237.681824,
    149,   10.0571432,    237.77272,
    150,   7.54285717,   237.863632,
    151,   5.02857161,   237.954544,
    152,    2.5142858,   238.045456,
    153,   15.0857143,   232.181824,
    154,   12.5714283,   232.363632,
    155,   10.0571432,   232.545456,
    156,   7.54285717,    232.72728,
    157,   5.02857161,   232.909088,
    158,    2.5142858,   233.090912,
    159,   15.0857143,    226.77272,
    160,   12.5714283,   227.045456,
    161,   10.0571432,   227.318176,
    162,   7.54285717,   227.590912,
    163,   5.02857161,   227.863632,
    164,    2.5142858,   228.136368,
    165,   15.0857143,   221.363632,
    166,   12.5714283,    221.72728,
    167,   10.0571432,   222.090912,
    168,   7.54285717,   222.454544,
    169,   5.02857161,   222.818176,
    170,    2.5142858,   223.181824,
    171,   15.0857143,    216.47496,
    172,   12.5714283,   216.842758,
    173,   10.0571432,   217.210571,
    174,   7.54285717,   217.578384,
    175,   5.02857161,   217.946198,
    176,    2.5142858,   218.314011,
    177,   15.0857143,   211.586273,
    178,   12.5714283,   211.958252,
    179,   10.0571432,   212.330246,
    180,   7.54285717,   212.702225,
    181,   5.02857161,   213.074219,
    182,    2.5142858,   213.446198,
    183,   15.0857143,   206.697586,
    184,   12.5714283,   207.073746,
    185,   10.0571432,   207.449905,
    186,   7.54285717,   207.826065,
    187,   5.02857161,   208.202225,
    188,    2.5142858,   208.578384,
    189,   15.0857143,   201.808899,
    190,   12.5714283,    202.18924,
    191,   10.0571432,    202.56958,
    192,   7.54285717,   202.949905,
    193,   5.02857161,   203.330246,
    194,    2.5142858,   203.710571,
    195,   15.0857143,   196.920227,
    196,   12.5714283,   197.304733,
    197,   10.0571432,    197.68924,
    198,   7.54285717,   198.073746,
    199,   5.02857161,   198.458252,
    200,    2.5142858,   198.842758,
    201,   15.0857143,    192.03154,
    202,   12.5714283,   192.420227,
    203,   10.0571432,   192.808899,
    204,   7.54285717,   193.197586,
    205,   5.02857161,   193.586273,
    206,    2.5142858,    193.97496,
    207,   15.0857143,   187.142853,
    208,   12.5714283,   187.535721,
    209,   10.0571432,   187.928574,
    210,   7.54285717,   188.321426,
    211,   5.02857161,   188.714279,
    212,    2.5142858,   189.107147,
    213,   15.0857143,   182.254181,
    214,   12.5714283,   182.651199,
    215,   10.0571432,   183.048233,
    216,   7.54285717,   183.445267,
    217,   5.02857161,     183.8423,
    218,    2.5142858,   184.239334,
    219,   15.0857143,   177.365494,
    220,   12.5714283,   177.766693,
    221,   10.0571432,   178.167908,
    222,   7.54285717,   178.569107,
    223,   5.02857161,   178.970322,
    224,    2.5142858,   179.371521,
    225,   15.0857143,   172.476807,
    226,   12.5714283,   172.882187,
    227,   10.0571432,   173.287567,
    228,   7.54285717,   173.692947,
    229,   5.02857161,   174.098328,
    230,    2.5142858,   174.503708,
    231,   15.0857143,    167.58812,
    232,   12.5714283,   167.997681,
    233,   10.0571432,   168.407242,
    234,   7.54285717,   168.816788,
    235,   5.02857161,   169.226349,
    236,    2.5142858,   169.635895,
    237,   15.0857143,   162.699448,
    238,   12.5714283,   163.113174,
    239,   10.0571432,   163.526901,
    240,   7.54285717,   163.940628,
    241,   5.02857161,   164.354355,
    242,    2.5142858,   164.768082,
    243,   15.0857143,    157.81076,
    244,   12.5714283,   158.228668,
    245,   10.0571432,   158.646561,
    246,   7.54285717,   159.064468,
    247,   5.02857161,   159.482376,
    248,    2.5142858,   159.900284,
    249,   15.0857143,   152.922073,
    250,   12.5714283,   153.344162,
    251,   10.0571432,   153.766235,
    252,   7.54285717,   154.188309,
    253,   5.02857161,   154.610382,
    254,    2.5142858,   155.032471,
    255,   15.0857143,   148.691559,
    256,   12.5714283,   149.008118,
    257,   10.0571432,   149.324677,
    258,   7.54285717,   149.641235,
    259,   5.02857161,   149.957794,
    260,    2.5142858,   150.274353,
    261,   15.0857143,   144.461044,
    262,   12.5714283,   144.672073,
    263,   10.0571432,   144.883118,
    264,   7.54285717,   145.094162,
    265,   5.02857161,   145.305191,
    266,    2.5142858,   145.516235,
    267,   15.0857143,   140.230515,
    268,   12.5714283,   140.336044,
    269,   10.0571432,   140.441559,
    270,   7.54285717,   140.547073,
    271,   5.02857161,   140.652603,
    272,    2.5142858,   140.758118,
    273,    48.309803,   153.243011,
    274,   47.0731583,   153.508743,
    275,   45.4380989,   153.799042,
    276,   43.6618385,    154.07135,
    277,   41.8320618,   154.326263,
    278,   39.9812508,   154.570404,
    279,   38.1220551,   154.808899,
    280,   36.2595291,   155.044632,
    281,   34.3956909,   155.279114,
    282,   32.5313416,   155.513062,
    283,   30.6667938,   155.746765,
    284,   28.8021698,   155.980377,
    285,    26.937521,   156.213959,
    286,   25.0728607,    156.44754,
    287,   23.2079239,   156.681305,
    288,   21.3417358,   156.916046,
    289,    19.472847,   157.152908,
    290,     67.65271,   156.093567,
    291,   65.9481583,   155.877014,
    292,   64.2428513,   155.658432,
    293,   62.5372047,   155.438934,
    294,   60.8314171,   155.219086,
    295,   59.1255798,   154.999069,
    296,   57.4197121,   154.778992,
    297,   55.7138367,   154.558884,
    298,   54.0091324,   154.336258,
    299,   52.3244286,   154.098312,
    300,   50.7256012,   153.818207,
    301,   49.3318634,   153.484451,
    302,   64.7231445,   159.663208,
    303,    61.785965,   163.212433,
    304,   58.8440895,   166.749054,
    305,   55.8997803,   170.279175,
    306,   52.9543381,   173.806259,
    307,   50.0084152,   177.332062,
    308,   47.0622978,    180.85733,
    309,   44.1161079,   184.382416,
    310,   41.1698837,    187.90744,
    311,   38.2236519,   191.432419,
    312,     35.27742,   194.957367,
    313,   32.3311844,    198.48233,
    314,   29.3849449,   202.007294,
    315,   26.4387093,   205.532257,
    316,   23.4924736,   209.057205,
    317,    20.546236,   212.582169,
    318,   63.1332245,   159.210037,
    319,   60.3037987,   162.504242,
    320,   57.4650726,   165.773514,
    321,    54.621315,   169.029297,
    322,   51.7751236,   172.278595,
    323,    48.927845,   175.524994,
    324,   46.0801125,   178.770142,
    325,   43.2321968,   182.014801,
    326,   40.3842087,   185.259293,
    327,   37.5361938,   188.503708,
    328,   34.6881714,   191.748077,
    329,   31.8401451,   194.992447,
    330,    28.992115,   198.236816,
    331,   26.1440868,   201.481186,
    332,   23.2960567,    204.72554,
    333,   20.4480286,    207.96991,
    334,   61.5423241,   158.754242,
    335,    58.820816,   161.793854,
    336,   56.0855026,   164.796494,
    337,   53.3425293,   167.778595,
    338,   50.5957336,   170.750473,
    339,   47.8471909,   173.717667,
    340,   45.0978889,   176.682831,
    341,   42.3482666,   179.647141,
    342,   39.5985222,    182.61113,
    343,    36.848732,   185.574982,
    344,   34.0989227,   188.538773,
    345,   31.3491039,   191.502563,
    346,   28.5992832,   194.466339,
    347,   25.8494625,   197.430099,
    348,   23.0996399,   200.393875,
    349,   20.3498192,   203.357635,
    350,   59.9509544,   158.297195,
    351,     57.33741,   161.082336,
    352,   54.7056274,   163.818649,
    353,   52.0635452,   166.527359,
    354,   49.4162369,   169.222076,
    355,   46.7664795,   171.910217,
    356,   44.1156311,   174.595459,
    357,    41.464325,   177.279449,
    358,   38.8128319,   179.962952,
    359,   36.1612625,   182.646255,
    360,   33.5096664,   185.329468,
    361,   30.8580627,   188.012665,
    362,   28.2064514,   190.695847,
    363,   25.5548382,   193.379028,
    364,   22.9032249,    196.06221,
    365,   20.2516117,   198.745392,
    366,    58.359375,     157.8396,
    367,   55.8537903,    160.37027,
    368,    53.325592,   162.840363,
    369,    50.784462,   165.275848,
    370,   48.2366791,   167.693497,
    371,   45.6857338,   170.102661,
    372,   43.1333618,   172.508011,
    373,   40.5803757,   174.911743,
    374,   38.0271339,   177.314758,
    375,   35.4737968,   179.717514,
    376,    32.920414,   182.120163,
    377,   30.3670216,   184.522766,
    378,   27.8136177,   186.925354,
    379,   25.2602139,   189.327942,
    380,     22.70681,    191.73053,
    381,   20.1534042,   194.133118,
    382,   56.7677002,   157.381744,
    383,    54.370079,   159.657928,
    384,   51.9454727,   161.861877,
    385,   49.5053139,    164.02417,
    386,   47.0570831,    166.16481,
    387,   44.6049652,   168.295044,
    388,   42.1510773,   170.420532,
    389,   39.6964188,   172.543976,
    390,   37.2414398,    174.66655,
    391,   34.7863312,   176.788757,
    392,   32.3311615,   178.910843,
    393,   29.8759785,   181.032867,
    394,   27.4207859,   183.154877,
    395,   24.9655895,   185.276886,
    396,   22.5103951,   187.398865,
    397,   20.0551987,   189.520844,
    398,   55.1759872,   156.923767,
    399,   52.8863182,    158.94548,
    400,   50.5653152,   160.883286,
    401,   48.2261429,     162.7724,
    402,   45.8774681,   164.636078,
    403,   43.5241852,   166.487396,
    404,   41.1687889,   168.333069,
    405,   38.8124619,   170.176224,
    406,   36.4557419,   172.018341,
    407,   34.0988617,   173.860016,
    408,   31.7419109,   175.701538,
    409,   29.3849373,   177.542969,
    410,   27.0279541,   179.384399,
    411,   24.6709671,   181.225815,
    412,   22.3139782,   183.067215,
    413,   19.9569893,     184.9086,
    414,    53.584259,   156.465759,
    415,   51.4025421,   158.233002,
    416,   49.1851425,   159.904648,
    417,   46.9469566,   161.520615,
    418,   44.6978455,   163.107315,
    419,   42.4433975,   164.679749,
    420,   40.1864929,   166.245575,
    421,   37.9284973,   167.808487,
    422,   35.6700401,   169.370148,
    423,   33.4113922,   170.931274,
    424,   31.1526604,   172.492218,
    425,   28.8938961,   174.053085,
    426,   26.6351204,   175.613922,
    427,   24.3763409,   177.174728,
    428,   22.1175613,   178.735535,
    429,   19.8587818,   180.296341,
    430,   51.9964447,   156.002686,
    431,   49.9252281,   157.513916,
    432,   47.8129311,   158.918884,
    433,   45.6762619,   160.261719,
    434,   43.5266342,   161.571762,
    435,    41.370636,   162.865723,
    436,   39.2116776,   164.152191,
    437,   37.0514107,   165.435349,
    438,    34.890583,   166.717056,
    439,   32.7295227,   167.998169,
    440,   30.5683613,   169.279053,
    441,   28.4071617,   170.559845,
    442,   26.2459526,   171.840576,
    443,   24.0847359,   173.121307,
    444,   21.9235191,   174.402008,
    445,   19.7622986,   175.682739,
    446,   50.4476624,   155.509399,
    447,   48.4980202,   156.755646,
    448,   46.4949455,   157.890533,
    449,    44.459671,   158.960342,
    450,   42.4072113,   159.995605,
    451,   40.3463097,   161.013779,
    452,   38.2815094,   162.023895,
    453,   36.2149887,   163.030426,
    454,   34.1477432,    164.03537,
    455,   32.0801888,   165.039642,
    456,   30.0125141,   166.043655,
    457,    27.944788,   167.047546,
    458,   25.8770447,   168.051392,
    459,   23.8092957,   169.055237,
    460,   21.7415428,   170.059052,
    461,   19.6725292,   171.063873,
    462,   49.0346298,   154.933929,
    463,   47.2238083,   155.892868,
    464,   45.3302917,   156.750122,
    465,   43.3895988,   157.548019,
    466,   41.4247398,   158.313934,
    467,   39.4483452,    159.06369,
    468,   37.4667282,   159.805679,
    469,   35.4828377,   160.544113,
    470,   33.4979973,   161.280945,
    471,   31.5127563,    162.01712,
    472,   29.5273609,   162.753021,
    473,   27.5419025,   163.488785,
    474,   25.5564194,   164.224487,
    475,   23.5709286,   164.960205,
    476,   21.5844994,   165.696625,
    477,    19.595005,   166.435455,
    478,   47.8891373,   154.235016,
    479,   46.2135048,   154.874008,
    480,   44.4097595,   155.444489,
    481,   42.5427208,   155.973236,
    482,   40.6459923,   156.478333,
    483,   38.7358246,   156.970917,
    484,   36.8197517,   157.457245,
    485,   34.9011459,   157.940582,
    486,   32.9814835,   158.422577,
    487,   31.0613842,   158.903976,
    488,   29.1411095,   159.385117,
    489,   27.2207661,    159.86615,
    490,   25.3003941,   160.347137,
    491,   23.3796253,     160.8284,
    492,   21.4572144,   161.310944,
    493,   19.5312672,   161.796249,
    494,   73.7633362,      148.375,
    495,   71.8266678,      148.375,
    496,   69.8899994,      148.375,
    497,    67.953331,      148.375,
    498,   66.0166702,      148.375,
    499,   64.0800018,      148.375,
    500,   62.1433334,      148.375,
    501,    60.206665,      148.375,
    502,   58.2700005,      148.375,
    503,   56.3333321,      148.375,
    504,   54.3966675,      148.375,
    505,   52.4599991,      148.375,
    506,   50.5233345,      148.375,
    507,   48.5866661,      148.375,
    508,   46.6500015,      148.375,
    509,   44.7133331,      148.375,
    510,   42.7766685,      148.375,
    511,   40.8400002,      148.375,
    512,   38.9033318,      148.375,
    513,   36.9666672,      148.375,
    514,   35.0299988,      148.375,
    515,   33.0933342,      148.375,
    516,   31.1566658,      148.375,
    517,   29.2199993,      148.375,
    518,   27.2833328,      148.375,
    519,   25.3466663,      148.375,
    520,   23.4099998,      148.375,
    521,   21.4733334,      148.375,
    522,   19.5366669,      148.375,
    523,    76.953331,       144.25,
    524,   74.9066696,       144.25,
    525,   72.8600006,       144.25,
    526,   70.8133316,       144.25,
    527,   68.7666702,       144.25,
    528,   66.7200012,       144.25,
    529,   64.6733322,       144.25,
    530,    62.626667,       144.25,
    531,   60.5800018,       144.25,
    532,   58.5333328,       144.25,
    533,   56.4866676,       144.25,
    534,   54.4399986,       144.25,
    535,   52.3933334,       144.25,
    536,   50.3466682,       144.25,
    537,   48.2999992,       144.25,
    538,    46.253334,       144.25,
    539,    44.206665,       144.25,
    540,   42.1599998,       144.25,
    541,   40.1133347,       144.25,
    542,   38.0666656,       144.25,
    543,   36.0200005,       144.25,
    544,   33.9733315,       144.25,
    545,   31.9266663,       144.25,
    546,   29.8799992,       144.25,
    547,    27.833334,       144.25,
    548,   25.7866669,       144.25,
    549,   23.7399998,       144.25,
    550,   21.6933327,       144.25,
    551,   19.6466675,       144.25,
    552,   80.1433334,      140.125,
    553,   77.9866638,      140.125,
    554,   75.8300018,      140.125,
    555,   73.6733322,      140.125,
    556,   71.5166702,      140.125,
    557,   69.3600006,      140.125,
    558,    67.203331,      140.125,
    559,    65.046669,      140.125,
    560,   62.8899994,      140.125,
    561,   60.7333336,      140.125,
    562,   58.5766678,      140.125,
    563,   56.4199982,      140.125,
    564,   54.2633324,      140.125,
    565,   52.1066666,      140.125,
    566,   49.9500008,      140.125,
    567,    47.793335,      140.125,
    568,   45.6366653,      140.125,
    569,   43.4799995,      140.125,
    570,   41.3233337,      140.125,
    571,   39.1666679,      140.125,
    572,   37.0099983,      140.125,
    573,   34.8533325,      140.125,
    574,   32.6966667,      140.125,
    575,   30.5400009,      140.125,
    576,   28.3833332,      140.125,
    577,   26.2266674,      140.125,
    578,   24.0699997,      140.125,
    579,   21.9133339,      140.125,
    580,   19.7566662,      140.125